179 9111111991 ammom 093114. 100

- VI, 110. 649. 681. 711. 145. -vn, 91. 147. 870. 939. 960.Ι 961. 961. 975. 1011. 1101. 1140.

588. - VIII, 39. 88. 140. 350. 407. 637. 675. - VIII, 15. 89. 103. 130. 141. 183. 114. 178.

690. 866. -IX, 671. 193. 015. 349. 351. 373. 414. 481. 511. 515.
Aquilae, 1116616 (sacensis cognominem), Vl, 818. — 601. 608. 618. 619. 657. 671. 727. 773. 796. 815.

711689. 760. 793. 844.-7111,54. 118. 135. 514 846. 867. 920.- IX, 116. 159.171.185.189.
monmutensi 8666861111, 608. 399. 396. 419. 511. 538. 539. 543. 554. 576.
Argmtontenaibus concionatoribus, VII, 97. 767. - 580. 608. 643. 661. 666. 710. 713. 791. 804.

X, 171. 819. 835. 840. 896. 924. 945. 983. 1031. 1985.
4161646666966661, 711, 1613664666 61611, 7, 438.
'Aucto, 116116166111, 701.-17,1951. 8666361666, Hieron„ 6116, 7Π, 1113.

86116166 6666661661 qm 1161664666 61 Bam-mo, 36666166, 11, 134.- -.7,141
4116111661..- 11, 551. 579. 618. 650. nemo, 06611151.

051101. 798. 815. 944. 992.- 11411. 186. Bahman, Η661611,61(1Ρ66161.

119. 374. 378. 419. 570. 1011. -7, 13. 199. Etiamnum, 6141116161.

118. 139. 173. 292. 487. 513. 511. 531. 669. 781. 861416, christiano, 1, 1011. 1995. - 11, 04. 666.

310. 888. - VI, 54. 57. 111. 701. 719. 784. 814. 815. 689. 817. 938.

954. - 7Π, 151. 165. 553. 856. 911. 1048. - 36166, 1166666166ΠΙ, 99. - 71, 792.

vm, 65. 78. 391. 488.-1Χ,169. 111. 595. 693. 13611616, (1611161616, langueo (Goilloumo 1111 0555,

0041012-1, 31. 81. 83. 85. 88. 89. 90. 91. 92. Seignour (16166366), Π, 759. 915. 1011.

Ausum V'mdolioorom. 6) senatui, 711, 1094. 1116. 3611616, 166661, langueo, 11, 050-111, 1110. 1190.
1145. - vm,40. 5) 6666646666, 11, 001. - - 616, 400. 010.
Ι, 148. Bdlioeno, vid. 3111166116.
&mmmmm 161. 393. 415. 6116111161,Ρι61,1,16.17.

-61, 01. 010. 041. 400. 501. 150. 040. magno, 111. 011.
4111616666666611),1666,61116. 100 514 666646, 6464661666 m 0055554, 11, 054.

115. ..611 050. 510155100. 000 10041000 Meto: hmo, 61466 001 - 61616414

1001 - 661, 46 00111.114.145.150.050. -vm, 501.

114. 505. 150.- 111. 140. 101. 400. 545. 500. 4 1103, 455eoe‚111.015.

501. 051. 000 040. 051. 050. 050. 1050. 1001. ι 1553. 666., 61, 661. 664.
466966, 112511105115455), Iv,004. ι 6η, 166166, 64 101.

6464116, 66446, 61, 416.

6 Berm‘n, 166116.,111, 485.

maffia-‚mmmm 011.-1111, 5555450105.‚1n.011.

150. 400. 055115055555 0050552155551 66, 100 455.
Qmmw. 64666, manaym, 61, 051. 010 411. 511. 664
mmo (Anton'o1),ll,949. 505. 501. 101. - 66, 100. 110. 540. 515. 541.
. 646166, 1155 166461.. 01455155553555550111, 540.115.011. 050. 010. 000 16141161...
6, 001. -vm, 001. 66114. 00. 104 104. 014 415. 400 010. 100.
464664 16.,6,611.-11,661 ¹ 511 045 010-1x, 110. 011. 005. 000.
Bmgnrmero, marom, 1511. 617. 618. 651. 654. 11166666, 16665611661661. (1611661161, Ι,1111.

446. 004 011 010. 501. 504 550 000. 000. 66166164, 661111.

110111.100.150.100.101.101.101000010. 5154111,1m0055-5m,v‚550.- 61, 110.

mmmwmmmmmmom

1011. 1000 1115.— 6, 50. 405. 401. 500. 051. mmmm, 11

041. 015. 040000011-111, 05010. 101. 616-64666666161.

055. 015. 510 115.150.000 001. 010 10151511051151311, 1010

1010 1115.- lv, 00. 115 111. 111. 505. 4641666366, ⁸. 1105’10550 (6666466461, 661,

461. 164 001. 015 000 000 - 61411411 116 100. 001 141-11, 511.

50. 00 04 104 140 155. 050 05'0 000. 0021115505151· 61161644 mmm 616, 414.

- 61, 11. 10. 00. 104. 110 100. 100 141. 140 nonno, namo, 6, 61. 166. 040.

150. 104. 100. 005. 011. 100410411. 400. 501. 0050535. hoobo, 6, 104.- 66. 05. 044. -661,

441 101.141 100 004 666. 045. - 66, 00 01 00.100.'151’. 114 101. 004. 015. 010 005.

01.104.144.111.105. 011.010.150.401.411. -1x,110. 101 101.115 401 510. 500 446Ι
mmmmmmmmmmm0mwm

000. 510. 501 041 545 555501115111110. 55505025..111.505.

150. 151. 150. 164. 100. 105. 050. 011 011. 054. 6446616464· smus, 61, 11. - lx, 045.

 

