“ 111111 111 11111 &etan 1111111111111, 1111 111 11111111 1111

111ῐ n. women conmman- Auflusmeffl 11. mm 11

1116 11111 111111 1111111111 1111 1111, 1111111 311 111 uun 1111111111 111 &ouen 11111111 , 111 1111111111·
1111111111, 1. 1111111111011111111111111111111 ,1111 11111111111111111111111110111111111111111113111
1111111111, 1111 111 1111111111 111 1111111, 1111 11111 1111 1111111 1111111 1111 111111, 1111111 11111111 1111111111
6αἱ(1111111111111111111,1111111111Μ111111111 11111111 1111111111 1111191111111111Ἓ11α1111υ111111ε111111ῶ111τ111ι11ω11ῃ1ἱ1111ι
111111, 11111111), 011111 1111111111 1111111 111111ν Ι11111111 1111ῗὲ11111 111. θ’ ² a 'f
1111111111,111111111111111111ῖῖ 1111111111111111111111111111 11
111-,11111,1111111111’1111111111 111111111111111111111111111
1111111111.11111111111111111111 11111 11111111111111111111
{boellaffi'dffimnzubegufgtfflaenatelllc't'ettnbfoggbet‘nn 110111 1111111111 81111 beelt‘u3¹ υ1111111111 Ι11111111 1111ω 11119111ι baffi 11111
1111111111111111111111111111 1111111111 1111 111111111111111111
11111111, “ggnfflffl'etrffissffffl'mbessnmffittdtgttmssg ssugugtssistgnzgtaettn “w 11111 11111111111111 1111111111
,11 11 1111111111111111111111
1111 111111. 11111111, 11111111 gno 1111111111 111 1111111111 11111111 1111111, 1111 1111111 11111111111111111111111,111111
1111111111111111111111111· 1111 1111111 1111111111
111111, 111 11 1111 111 1111111111111 111, 11111111 11κὲ 11111111 1111111111) 1111 1111111111, 1111 11111111 1111111111
111 11111111- 1111, 1111111111111111111111111111, 1 6111111111 11111111 11111) 1111111111 1111 11111111, 11111111 111
1111 11111111 111 111111111111111113111 1111111111111, 11111111 1111111 unanimam 111111 1111111111, 11 1111111111
hurd? 1111111111 11 1111111111 1111 ge 1111 111111. 111111, 11 1111111 1111, 1111 1111, 111111 111111 1111111, 111 11111111
11111Μ111υ1111η111111011111111111111111 {calm amma θ1111111)(181111111111111111)1111111111111 1111 11 1,Ι
111111111111111111111 111 1111111111 1111111111·
1111111111..111111111111111 111,1111111111111111111
1Ι 111111111111111111111111111111111111111111111111, 1111111111 11111111 111 11111111111111111111, 1111111
111111111111111111111111111111111 11111111111111111111111111111
1111111111 111111 11111111, 311 11111111111111111111111111 111111111111111111111111111111 111 1111111111 1111111, 11111
1111·Ι 1111 11111, 1111111111111111111111111111111111111111 11111 11111111 111111111ιὶ1 111111, 1111 11111, 1111111111,
mem? 11111111 11111111111111111 1111 111 1111 1111, mgwdssffiffidgssgdllffin 111 111111111111111
1111111111111111111111111, ’11 1111111111111111111121111111111
1111111111 111 1111111 1111 11111 111 11111111, 11111111 11111111, 1111 1111 11111 1111 1111111111 1111 1111111, 1111 1111111111
1111111111 111111, 1111111111 111 1111111111 11111 111 1111111111 111, 1111 111 111 1111111111 1111 1111 11111111 1111 1111111
1111111111111,1111111111 1113111111 111111 Q? 1 111111ιι

,1 1 1 1 1119 d) 1 fleu flm W'E‘

11113111 11111, 1111111111111111111111111, 1181111 1111 1111 1111 1111111 111111 111. 1111 111 11111 111 1111111111, 111

111-1111111111 11111111 1111 1111111111, 1111 1111
gu 11111111 111111 111111 1111111.

“ we 111111 111111 1111111111111111111111111 11 ο[1111111111111ιό111111111 111 1111111111, quali· 111111

111 1111111111 1111111111111111 11111.

1111 1111111 11111111 1111 111111 11111111, 111 11111 1111191

πω 111 111ᾱῖ11 {affluam 1111 1111111111 11111 11111111 ΨΜ w &tbfflnb'

1111 1111111111, mie 11111111111111 1111111 1111111, 111 11111 3„ urm m „a ww, mm „umam ²¹1¹& q„
111 11111111 111), 111111 111111 111 111 1111111111 11111111 111111111111111,11111 1111111 111, 1111111 1111111111

4

 

