111 0.0010000000000000.100000000000000. ’ 111 ¹

1857. - IV, 142. 148. 167. 169. 238. 308. 570. 869. 881. 804. 305. 314. 333. 370. 374. 378. 386.-
' 1003. -· V, 112. - VI, 80. 33. 34. 53. 481. 441. 458. 468. 472. 785. 795. 800. 801. 848.
lothari 00001, 0001000100οΠ, 41. . 857. 865. 877. 878. 887. - 71,-84. 815. 885.
10001001 6110, Matthiae, VII, 80. - VIII, 418. 858. - 886. 303. 440. 540. 551. 618. 668. 714. 754. 318.
ΙΧ, 160. 516. 788. 977. Ι384. 832. 958. - 7Π, 88. 108. 831. 857.
1000001 6110, 100001, 711, 508. - 71Π, 168. 377. 1106000000, Ρο100, 7, 66. 108. 373. 477. 883. - 71,
. 60110001,6110,Ρο010,ΙΧ, 1064. 833. - 711, 534. 769. 787. 804. 813. - 7111,
0111050001. Annae, Π, 588. 833. 695. - ΙΧ, 607. “
1101001000, 11101006, 0000011 urbia Nordhousen, 11, 10. ·
Magno, Duoi Megapolitano, 6110 Ηο00101,Ι,863. 864. 19. — III, 437. 516. 585. 768. 774. 347. - 17,
1088.·1089. - Π, 13. 561. 566. - ΙΠ, 706. 727. 117. 707. 790. 888. 844. 883. 300. - 7,18. 870.
1101000100001110000, 711, 73. 358. 336. 503. 688. 787. 860. 868. 898. -- 71,

Ι Maiori (Maior),(}eorgi0, 71, 367. 875. 376. 484. 488. 187. 804. 224. 232. 242. 248251. 291. 292. 297.

447. 459. 543. 549. 636. 648. 678. 691. - 7Π, 300, 364. 373. 489. 444. 535. 541. 604. 617. 683.
984. 1009. 1010. 1058. 1076. - Χ, 17. 638. 658. 698. 705. 789. 880. 831. 834. 865. 385.
01101000,Τ1000100100, Heroditnrio 110000010110 1103000- 904. 908. 918. 343. 348. - 7Π, 8. 81. 189. 191.
111000, 7Π, 461. 838. 874. 898. 334. 361. 401. 407. 413. 417. 419.
0000100000.οΡ00000, VII, 696. 421. 441. 447. 465. 472. 489. 550. 597. 608. 683.
11001011010000111, 14. 642. 648. 665. 679. 796. 817. 880. 838. 839. 864.
1100100110, Ioanni, VII, 643. 789. 791. 850. 1163. -— 869. 308. 917. 946. 966. Ι975. 979. 989. 9931008.
71Π, 44. 47. 144. 897. 38]. 808. - ΙΧ, 368. 1014. 1054. 1112. - 7111, 15. 40. 43. 63. 37.
374. 565. 748811. 308. 104. 107. 181. 188. 184.154.181.888. 837. 848.
11000110, 100001, II, 548. 931. 934. 1006. - 111, 163. 861. 864. 874. 878. 899. 335. 363. 368. 398. 444.
- 17, 808. 1065. - 7, 876. - 71, 17. 68. 320. 459. 505. 586.
387. 350. 376. - VII, 182. (11ρί01010 ΠΙ, 163. Meienburg, christophoro, filio Michaelis 00000110, 7,
110000 110000110 ex 000000 10001010 est. 111 11. i. 0. 37. 855. - 71, 290. 905. - 71Π,,107.
1 Magistro, aliquis ex 0000010011 110000.) - X, Meienburg, Μ1010011100106, VII, 1088. -v111. 498.
18. 13. 53. . 539. 675. - IX, 412. 530. 540. 608. 670.
110ςο001600, Regium Navmoo, 11, 732. 110Ῑο001001, Philippo, 6110, H, 932. - 7, 106. 910.
11010050000001 senoni, VIII, 536. -— ΙΧ. 147.
1100οἱ110, casp, III, 968. ' Melanthoni, sigismundo, IX, 356. 377.
11001100, Andreae, V, 586. 549. -·- VIII, 177. 1101011001, 11οο0010, Ι, 443. ’
Ilm-tyri, Pon-0, V, 143. Memmingensi Senatui, IV, 781. 873. -·· V, 53.
moenio, Ioanni, 1v, 011. - v, 31. 91. 100. 180. Meni0, 1100, 1, 1001. - 11, 871. - Ν. 111. 100.
188. 335. 551. - 71, 47. 189. 809. 219. 264. 1071. - 7, 14. 150. 311. 366. 458. 467. 756.
894. 304. 346.· 461. 643. 713. 783. 784. 745. 813. 779. 848. - 71, 563. - 7Π, 553. 677. - 7111,
845. 907. 948. 956. - 7Π, 33. 226. 893. 318. 485. 693. 787. 858. 868.
,343. 443. 482. 487. 531. 575. 598. 603. 633. 658. 110010, Eusebio, 6110 Iusti 110011, ΙΧ, 589.
754. 790. 734. 805. 807. 884. 835. 855. 866. 907. 110010, 100100, VIII, 868.
944. 962. 970. 1000. 1006. 1080. 1046. 1103. 110101000,100001,17, 1084.
1161. - vm, 11. 90. 100119. 111.113.111. Micyllo,Iaoob0, 1 101. 1010. - 1V,1000.-11,195.
419. 435. 539. 671. 747. 779. 787. 789. 818. 828. Milichio, Iacobo, III, 43. 44. 164. 865. 895. 645. 686.
,835. - ΙΧ, 110. 158. 168. 177. 138. 301. 388. 981. 1063. 1155. 1888. - IV, 418. - 7, 98·
· 488. 510. 517. 643. 724. 150. 786. 788. 804. 883. 104. - 71, 308. 310. 318. 381. 384. 335. 344.
841. 908. 903. 385. 978. 1067. 389. 435. 473. 536. 550. 615. 617. 643. 680. 681.
1101110100, 71, 547. 944. - VII, 344. 884. 1084. 1157. - 71Π, 137.
000100,Το0000, 71, 803. - 7Π,’1089. - VIII, 546. - ΙΧ, 14. 843. 358. 450. - Χ, 19. 80.
731. - ΙΧ, 885. 1110000, Andreae, IX, 18.
11000160, 11001800. 1110000007, 8. - 71, 606. 795. 1110010100οᾱ101500, VII, 45. 64. 867. 870.
874. 954. - 711,, 358. 908. 1111100510, 8000100110, 1Π, 629. 950. 1080. 1109. -

- 110000, 8000100060, 1, 18. 24. 62. IV, 658. 679. 707. 847. - 71, 131. 685. - 711,

1100606100οΠ.,11ος1, ΙΧ, 381. 186. 296. 518. 535. 607.·654. 848. 1008. 1033.
1100000, 111. Myconius. “ - VIII, 730. - IX, 173. 844. 915.
11061000, 11100100, 111, 408. 618. 707. - IV, 154. 1116, Thomna, VIII, 786.

167. 411. 677. 694. 705. 758. 808. 880. 897. - 111800110ηεί Senatui, 111, 1033.

7, 73. 83. 86. 163. 196197. 807. 888. 837. 851. 110100, Georgio, V, 773.

111111111111. 011111. 701.. xxvm.

 

