INDEX 115511555171775 EORUM 1151115011,

QUIBUS MELANTHON EPISTOLAS, PRAEFATIONES ,ΕΤ 16101014 INSGIIII‘SII.
(0551. index prolixior Vol. X. p. 329-422.)

405515, vid. 415515. 610. 771. 722. 922. 978. 1018. 1086. -717, 102.
4553551511 (8555355 55511555, quos 1151551555 1111155151 329. 514. 753. 812. 878. -V, 41. 195. 206. 228.
Auo vol 11555555 551 155 151 oliorum 5551155 531311), 282. 302. 317. 354. 355. 366. 411. 412. 443. 510.
II. 807. 838. 830. 895. 352. - Π1,188.189. 574. 748. 730. 811. 812 907. - 71, 111. 145,
’ 518. 537. 543. 544. 561. 582. 589. 530. 591. 532. 185. 200. 248. 253. 488. 473. 622. 640. 708. 711.
593. 1109.-17, 39. 100. 770. 779. 801. - 7, 788. 753. 853. 885. - 711, 183. 190. 358. 390.
240. 428. 685. 890. -71, 13. 80. 171. 203. 503. 409. 414. 452. 525. 551. 590 635 675 775 -7111,
782. 787. 803.- VH, 106. 145. 444. 399. 1031. 30. 332. 365. 330. 457. 745.- IX, 71. 544. 728.
1157. 71Π, 92. 125. 258. 274. 332. 433497. 350. 358. 1035.
785. 820. 821. 919.— 1x, 20. 122. 441. 444. 524. 4155115, 4155155155. 1155551155 1115155355. 01131501,Ι ,
529. 614725. 740 1091. -7-Χ, 79. 34. 86. 88. 177. 1874.- Π, 611.
435515,Η151.,ΠΙ, 1089. - 415115, Alexandr'o (855151 555555155155), III, 1030.
4311155, vid. 05311555. ’ 1105.-17, 793. 840.-7,.174-71,4.50
4555315113355315. .. - - 508. 517. 673. 679. 685-711, 188. quom?
mooun, 55.,551155115. IAltenburgenoi sommi, 111, 551. - 11115155.
Aemilio, 05515, 113. 05551515. 7 4115151515, 1. 4115515515, 47531,1, 327. 7
455155155551 (51551. 51 germanion 113511),1Π, 330. Amantio, 35115, Π, 897. . . ·
395. -71, 11.5 477. -VII, 315. 4287. 838. 846. 4555155511 85557151, 1Π,. 599. 812. - 7, 433. 884.
-7ΠΙ,31. -71, 730. 733. --.7111, 447. 517. .. ‚xi
Agn'ooloo, 155551 (propr. 8555513511. 855511151 Nou· 4551555515, 7115, Ι, 564. 835. - 7, 232.
0055155, 5535 55551 1055155511, Mugioter 1111111555 41555515, 1775115, 711, 602. . · “
3373317317 1ῗὲ 63 737 617 5347713 77333577 ..751731 ..77 ⁹9. ..71173
555555555555555 -
- Π, 677. 826. -111, 30. 328. 789. -17, 474. 73. 33. 34. 149. 179. 181. 235. 239. .
749. 771. 1066. 7, 547. 697. 704. -71, 63. 34. 451153555155551, 51551. 7171551555, 7107312. 337.
102 118.· 468 4531555, Pastori, II, 704. .
Agricolae, 5115511501, 188. · · 4551111511 7555151555, vid. 1555515151, 05555151, 15·
Agricolae, 05515157, 7111, 326. 484. 857. 697. 877. 55551. - , . .

’ -IX, 19. 170. 178. 443. 508. 536. 630. 047.ι 455555155111855515577111, 822.

738. 319. 378. 1060. 1068. 45155555οδ51 concionatoribus, VII, 140. ·
55 4155155 (4151551, 415155), 1,885. 4515515, 0515111 115555155511, 71, 369. - Χ, 147. ’
411135(415115135155),1Π, 873. . Ι 4515515,Ν.,1Χ, 572..
55 4111115155, 855511, VIII, 877. 54550557 05175. (43151), 1, 839. 908. 322. - 17,· 841.
415515, 5 4515515, 1151151575, 11. 302. 805. .357. 958. 353. 980. 363. 964. 365. 966. 387. 388.

4155515, 511515 117551 3515575155, III, 88. 517.8 534 ·71 389. 970. 372. 1014. 1085. .- 7, 853. ’.853 825.
nunno. 1115151. 1151111.ι

 

