rr · 1111111. 11111111111111111111111111 11

11111 1111111111111111111111111111 111 11111111, 1111111 111 111111 31111 r, 1111111 1111 11111111 111111 11111111 1111·

amm mlum Qus ud priorem elue portem, queo Confeeeiouem Augusteum eontinet, pertineo· mere <lt

reriptlouiiuVol.XXV1. p. 691 rqq. addendo eet Equidem ‹luo buiur lirlitioulr exemplu in unuibue 111111,
quorum urum ipre Ι11111111, ultorum e Bibliotheca 31111111 11111111 ·) (1111111111. lu borum neutro illue 4 lim
lu bue 11 e tur.

9131&th 33111οηί11111,1111111131111111, Bertramue lu 311111. 11111111 &t 3. p. 138-149.
benc rllert exemplorum varietatem: ,,- 111111 teon 111 i) 111 1111111111 1111111, 111 111 1111111111 111 11111111 111
1533. 11113111113.1111111111111111111111. 911111 11 111 11111111 111 1111111111 111 11111111 11111111111111111, 11111111
1111111111 11111 1111 6111111111111111111, 11111113111111111111111111111111 11111111 1111111111, 11 1111 11 1111111
311111 11111111111111111 11111111, 111 lo meinent 1111111111 11111 111, 111 111 1111111 311111111111111 111111 1111111111
1111111111111111111111111111111111111111. 311111 1111111111111 11111111 1111111111 11 11111 111111111. Bu

· 311111. Θ. 196. 8. 10. 111111111 111 {bort 1111111 Β. 1611111111 11 111111111 3. 31. 1. 11111111111111111

11191111111111111, 1111111111 111111, 199118. 13. 1111 1111111111111 1111111111 1111 11111111 11111111
u 3111. 8. 13. 111 93. 11111111 111111 111111, 1111111111 1111111111 611 1111111111111111131. 3 1. Β. 9. 1111
1111111 111111, 111 11111, 111111711111111 5. 10. 111 1111111111, 1111 111, 111111111111111 61111113. creir·
1111 111 111111111 11111111, 1111111 3. 7. 11 111111 (1111111111 111111111 (1 11111111 111111 11111 611113. 11.
11111111 1111 1111111 1111 1111 1111 ro 111 11111111 11111 111111 1111111111, 111111111911111111 11111111 111.
11111111111111111111111,111111111111 111111 1111111 1111111111 111, 111 111111 11111111 11111111 1111 1111 11 111
11111111 1111 11111111 31111 111 1111111 91. t. 1111191111111111111, &t 9. Q. 1391. 111111111111111111
1311111111111111111111111 111111 1111111111,111 111111 3)111111111111111111 1111111111111 1111111 1 (1111 11111,
11111111 11111,)1111111111, 11111111111111111111111111 1111111111 11111, 111 1111111 1111111 1111 11 1111111
111,111111111111111 91113111 Buumg. p. 316. u. 99111 111 11111111 111 1131. 1111111111. 311 1111111111
11111111 11111 rt: ,31111111 1111111 1111 1111 111111 1111 111 11111111 11111, 11111111 1111111, 1311111 1111111111111,
1111111 11111 111 111 11111111, 1111111 111111 11111111 11111111, 91111111, 111 11 1111 111 111111 11111 111, 111 11.
. 111111111111111111.” 911 1111111111 1131. 111111 11111111. 31 11111111 1111111111 1111 1111111 111 Qube: ,11111

’ 1111111191111111111111 11 11111111 1111 11111 11111 111111111 1111111111 11111111.’ 1111111111111
1111111111 1111 11 111 1111111111 1133, 11111111 1111111 111 11111 1111111111 111 11111111, ,11111111 111 11 111 11111
11111111111111111111111111111111111, 111111. 1111111. 191111 111 1111 1111111 1111111111 311111 tor 3. 111. 111
111111111111111111111111. 111111111111111111111111111111 111111111111111 1111 1111111 1111111111 1111111111 111

’ 11111111, 1111111111 111111 u 11111111

' 11111111 1111111111 11111111111111111

llie ex Bertremi libro 1111111, memorandum ert, quod ipee iu exemplo Bugeubegii et meo 11111 ι ·
Romame iurlizutie iuveni. Loco 1., 11111111. 13. lu neutro borum exemplorum legiturr 1111111 loeo 25, rol
349 liu. 20. utrumque 1111111111 111111111111 3., l'ol· 3 41111. 98. utrumque exhibet: 111 911111 1111111111.
11111 loeo 4.,111. 3 6Β liu. 4. 1. iu utroquo 1111111111 111 1111 11111111 loeo 5., l'ol. 3 3111113111 utroquer
1111111 11116.,111. 3 5· lio 9. lo 1111111111111111111111 1111 7.,111.37· 111. 11111 utroque= 111 1111111111
luco 8., sol 3 8³ liu. 33. utrumque bebet typ. errorem: 1111111111 (111 11111111111111111 utrumque ibiil 111. 1111111
1111 (pro 1111111111) el sol 3 6· 1119111111111 1111); uuo tentum loeo 9., lol. 1 9· lin. 1-7. 11111 duo exemplu
11111111(111111111111111111111111111111111111111 babet: 111 111111 11111 111, 111 11111 111 1111 [1111111111. 11111111
, 11111 1111111 1111111111111 Ι 11111111 11111 11111111,91111111,111 11111111 11111 1111111 11911, 911 111 111111, 1111

1111111111 11111 1111111 11111111, 1111 1 1111111 111111 11111 11111111111111111 Ι 1111111 1111, 1111111111 1111 111111 ,

111 boe exemplo meum ibiil 111-1111 differte 111 111111 11111 111 1111111111 1111 111111 111111 1111111111 111
111111 1111111111. 111111111111111111111111111111111111111111111111,91111111,11111111111111111111111111
''m“ 11111,11111111.111111111111111111111111110111111111111111ι
De collectionibus, iu quibus 1101ξὲ ‚unul 1531. et El 1. lorenzana e’et, Bertrrmur l. l. Gt: 1.
fu. 11111111111111 „5) 911 1111111 1111111111 111 1133. 111 11411111 11 1111311111111111111113111113111111, l'. 9.

111111 1517 5 11 1111111111 oorp. doctr. 1169 5 111 111 1111111111 1161. ”) obet 1111111111111 littorium 1161.
111 11111 1111 ouen 111 11 111111111111111111111111 111 11111111 11111111 111 lib-¹⁵

·)11111111111111 ollm 1 11111111111111111 nobili selwltz douo 111111 111, 111 quoi 1111 uebatur 111111 111 111111 11111
1111111111111111111111111111111111 11111161111111111,11111111111. 111111 memoret bertramus 111.

11111111. b . 1111111111. 1717. 111. 23. 11119 111. nota 17.

⁸⁸) 1111111111 sermonicum 11111133. 111 sermio corpus Pbllioolruru et Pomereuleuu 1111111111 eree, 111111 11111111 111 ’

3111. 01111. 111 1. C. 11. p. 311. affirmet.

 

