01 00010101 1101100100100000 1111101100. ⁵ sa·

80011010016010, X, 64. ⁸ 1810150100, 0500005010, VII, 688. 888. 888. 794.
buynito, esopo, 111, 515. , 7 1100. - vm. 51. 148. 188. 816. 886. 880. 888.
flbaro, Adamo, 71, 16. - 711, 885. ·- VIII, 880. ² 671. 790- 110110. 1081. - 11, 47.
879. - lx, 148. 986. 8100600, Hieronymo, VI, 115.
8110110 lanoso, lx, 1053. abtedten, Georgia, vm, 119.
111010,1001,11, 809. 948. 8115010, Sebastiano, vn, 679. 758. 849.
. 8160110,11001·1110, 11, 550. 8115010, Danieli, ΠΙ, 165. - V, 18. 90. -vm, 845. ,
8611010110, vid. 8016011000. 81100110, Ioanni, ΠΙ, 418. 468. 875. 1071. 1099. -
8131100060 Augusto, Regi'l’oloniae, III, 766. 789. - 17, 751.-7, 858. 399. 419. 487. 431. 487. 448.
- 7111, 869. - IX, 879. 449. 557. 759. 841. 848. 854. —- VI, 68. 98. 186.
sigimundo, ArchiopisoopoMagdebns-gensi, VII, 587.--Ι 854. 568. 707. 745. 788. 817. 889. 915. ·- 711,
7111, 59]. 768. ·— IX, 518. 581. 936. 1078. 78. 188. 147. 153. 885. 886. 857. 400. 417. 458.
8105160, Ioanni, 711, 887. 341. 540. 548. 586. 594. 686. 646. 651. 681. 694. 761.
8115015010010,100001,11,430, Ι 765. 811. 815. 841. 858. 861. 891. 958. 988.
81101110 Ducibus, tid. Fridericas, Georgius, Henrions. ν 1004. 1015. 1087. 1085. 1077. 1184. ·- VIII, 18.
811110ςο, 1. potins Sohillingo, 11510011, 458. 585. . Ι 114. 178. 188. 185. 889. 888. 857. 881. 897. 808.
sinapio, simoni, v, 4⁶21, 408. 417. 489. 889. 918. - ΙΧ, 85. 89. 154187.
simum, U11100‚71‚645, 1 411. 434. 517. 644. 661. 665. 739. 747. 808.
Snagio, Ioanni, 7, 178. , ι 956.
· 80011, Senatui huius oppidi, 7, 184. 185865-(1001 81181105, Sebastiano, 71, 817.
“ donatoribus 8071110011, IX, 188. i 8100050110, 5000111160, ΙΗ, 1068. -- 7, 445. 459.
sonno, Georgio, 111, 1001. 1100. Ι sofflera,1oanni,1‚ 15.
50155505 1000 husus oppidi, v, 77. · a Stolberr. Comitibus. 111, 1192. - vm, 57. -
sophim, vn 795. 115 145. .
spontino, Georgio, 1 11. 40· 45. 40. 50. 51. 55. 55. stratio, Ioanni,11, 555. 551. 585. 857.
74. 80. 108. 107. 118. 187. 158. 808. 806. 807. Stramero, Iacobo, III, 868. 1107. ·
868. 866. 867. 871. 878. 879. 881. 858. 860. Strigelio, Virtorino, 71, 880. 465. 480. 558. 608. 680.
868. 864. 865. 890. 896. 417. 448. 445. 448. 450. 887. -- 711, 168. 188. 388. 406. 470. 651.·760.
451. 455. 458. 468. 463. 476. 487. 491. 514518. 1056. 1086. 1188. ·- VIII, 191. 505. -· IX, 758.
557. 541. 547. 553. 555. 557. 555. 11011050. Ι 757.
575. 5771· 588. 604. 605. 606. 607. 611. 618. 616. 8100010111010,1Χ, 1065.
617. 684. 686. 639. 645. 651. 658. 655. 668. 678. ' Studiosis, vid. Academicis 01 5061100501.
676. 694. 695. 696. 788. 780. 781. 738. 761768, 810111, 1. 8101011610 (etism Operoo), Georgio, Ι, 571.
785. 794. 795. 800. 854. 865. 880. 895. 896. 897. 781. 698. 984. 988. 989. - II, 961. - ΙΙΙ, 71.
898. 908. 907. 911. 913. 944. 996. 1016. 1017. 868. 499. 506. - IV, 868. -— 7, 157. -VI, 408.
1018. 1085. 1118. - 11. 9. 16. 84. 388. 460. sturmio, Ioanni, II, 874. 917. - IV, 908. - 7111,
490. 498. 508. 555. 568. 565. 578. 583. 584. 596. 809. - X, 149. ,
598. 604. 608. 610. 615. 616. 685. 651. 658694. 8101010100001, 111, 888.
695. 696. 701. 716. 788. 788. 804. 847. 878. 837. 80010010, Petro, I, 998. -17, 734.
,- ΙΠ, 88. 97. 898. 886. 889. 891. 451. 761. 786. 8001110, vid. 805001110.
888. 830. 844. 848. 951. 1080. 1090. - IV, 174. 800100500510, Pancratio, ll, 451. ⁰
688. 703. 788. 798. 605. 687. 840. 850. 860896. 8010110, ,1. 80101110, 100001, IV, 655. 878, - 7, 38.
- V, 66. 850. 318. 336. 846. 351. 853. 397. 484. 361. 405. —- IX, 1044.
Spalatini viduae, V, 668. 11100000, IX, 899. .
ffiraistini nepotibus, X, 45. Tangermirnde, Senatui 50101 oppidi, VIII, 141.
spangenbergio, Ioanni, V, 333. - VII, 809. 318. 335. Tamovio, Ioanni, comiti, IV, 466. -- 7, 878. 718.

· - x, 45. 779.

spangenbergio, cyriaco, 11110 Ioannis,V11, 644. a Tanbonheim, christoph.,111, 6.
Sponglero, lazaro, l, 901. 981. 1089. - Π, 884. 0801005013,100001010001310,71Π,914.

717. , Το11015105,051111005.,711,941. 948. “
800018000111110, 71, 669. 0100110500, 1. 1006110500, casparo, 111, 96. -V, 458.
18106100, christophoro, Π, 878. a 15000115050160, I, 598. - Π, 889.
8101501310051111005, I, 836. Theodoro (propr. Dietrich), Vito, 11‚40. 46. 61. 103.
81005010, 1516011007, 916. - 71, 845. 469. 639. - 186. 141. 146. 157. 161. 174. 196. 888. 830. 841.

711, 549. 559. 657. 781. 1118. 858. 859. 814. 388. 836. 361. 488. 963. 978. ·—

 

