³10 mmscmmnommmmoum. U

11111111011111111111111111111111 nabbe-ww& 11111111ῶῦ1111ιᾶὴὸ
...1,1111111111111 ,1111 1111111111 11 1,1, 1,11,
111, 11 11 ,11 11 1 ³²‘'{²2·⁶³'{³²²;.‘'3¹¹⁶.:‘³“¹.3²³”²52:.mm ,.
1111111111 111 1,1111 1111111111 11111 ,111
11111111, 1111111111111111, ..11,111111,1,”1,.Ῐ1,,··11 11*
0111111111,111111111111ῷ111111111111111111 1111111111 1111111 1111111 1111111111111Ἤ
11111 11, 1111111111 111111 1111111111111111111111
111111111111111111111, 11111 11111 1111111111111 1111 1111111ώψ,111ω1ι1ι 1311111 εἶξε Q 11101ιῖ11111.ια ἢ
Ξὲἑτῶξιᾛ m 1111111 m'ibt'tomuffl aava& Ξῖιὲἒιινιβιωῦ 111311ἑε1111111ἰ61111η12ᾏ11α111 11ῗιίῃ1ι Ox

Q 0”''⁴“''⁶⁶}“'““” 13113, ,1,11
111111, 11 ,1 ,1111 ,11111 111 1 1111111111 1111, ,11
‘a' 1 11111τι 1111111111 111

,11111 1 111 11 1. ,1111 11 11111

’ 1111 Wsssss‘ssuw 11ῗῖῖέ }2„;⁶2¹¹.f.‚5 1,, 1111111111, ’ψ’ ‘¹²⁸‘ ’Ψ

met btv 1111ε 11111ι 111111 111 1111111111 13, 111 1. 1. 111111 11 111111Ἲῖ11 1111111
11111111111111111111111111111111111111) 11111111111111811111111111111111111

33de m 11 11111111111111119111 1111, 1111111111. 111 ,111 esaum
11111111·11111111111111111111ό11111 nuquam

eo 11111 11111111111111 1111111, 111 1111111111 balaum 11111111.111.61111111111111111111
11111111111111111111 1111111 111 11111111 1111111111 1111, 111111 1111111111 11111111 1111111, 1111111
1111111, 1111 111 111111 1111111111 1111111 1111111 1111 1111111 11111 111111111111111111 1111111, eo
111111 ’,11111 11111 1111111111 1,11111 111 81111111 1111111 11111111111111111.111111 1111111111 11

111111,1111111111111111111111111111111111 1111, 11 111111111111111111111111111, 11111 1111111111,
111111111111111 11111111 11111111,
111 111 1111111111 11111 (1111111111 1111111111 11111 11111111.11119111111111111111111ῒ11111111 111
’1,11 1311111111111111111111

- ...11,1,111111,1,11..1,11,111111,..11,1111θ 11ῗῖ1 1111111
1,11 1111111111 1111111 111. 1111, 1111111111

“mmm-²¹¹⁰& 11)1,11111]11111111111111,·.11111111-1
. ‘fimf‘mfflssfflfm 1111111111111111111111

11)1111111111111111.1-1,1111111111111, 11)1111111 11111111 111,11111111111111111111,4.·1ι111 1111111

11) 1111111111. 2-4. 1111 m 111 11) 111111111111111111111111. 11111111 1111111111111111
00) 11111 11 idm 1-1. du. 14) 111 11111 111. 111111 iu

 

