401 11111111 1111111011 01111. · 111

ΠΙ, 37. 39. 40. 44. 65. 70. 96. 114. 185. 187. 9133114111. 9131331.
191. 194. 238. 239. 327. 335. 336. 337. 351369. Vincentio, Petro, VII, 470. 502. 542. 569. 596. 606.
372. 375. 379. 383. 387. 392. 398. 404. 410. 711. 749. 814. 855965. 10051013. 1029. 1036.
416. 426. 428. 452. 459. 481. 487. 500. 591502. -9ΠΙ, 53. 70 218. 220. 225. 246. 258. 608.
505. 511. 513. 517. 524. 536. 545. 556. 551560. 344. 457. 472. 506 507. 729. 817. 847. lx.
568. 569. 587. 593. 595. 601. 609. 634. 771. 801. 244. 247. 305. 358. 361. 378. 427. 508. 511. 518.
823. 841. 893. 902. 954. 955. 957. 1017. 1021. 574. 670.
10211030. 1033. 10751078. 1103. 1130. 1158. 91113310, 3. 1911113310, 111354311, 1, 161. 594. 613. 643.
1171.1240.-19,21.90.1141151511. 155. 9031310, (1301310, 91, 87.- Χ,133. “
169. 170. 176. 393. 405. 409. 434. 437. 457. 523. 901110, 3. 901310, 111053011, 9Π, 872.
607. 641. 643. 644. 645. 649. 653. 657. 661. 90131104111, 19, 916.
695. 708. 752. 773. 783. 796. 810. 817. 829. 90131, 49011104111, 9Π,402. 546.
842. 849. 854. 865. 871. 875. 908. — V, 23. 24. 90131, 9411611113 10411133113311311313,1Χ, 750798.
38. 55. 61. 63. 70. 158. 176. 186. 198. 206. 208. 823. 833. 901. 912. 979. 1033.
212. 224. 248. 257. 276. 284. 290. 303. 321324. 9011, Philippo, VII, 852.
341. 350. 375. 409. 423. 424. 431. 440. 458. 460. 90113110, casparo, IV, 1069.
490. 496. 515. 516. 522. 548. 663. 669. 676. 680. 901114110, 1131351011, ΠΙ, 1214.
727. 739. 752. 768. 781. 816. 830. 851. 857. 874. 91411314110131 Senatui, V, 716.
889. 897. -91, 68. 133. 174. 177. 179. 182.
197. 213. 216. 230. 237. 243. 257. 2582612911.
299. 302. 362. 371. 401. 583. 665. 666. 720. 742. waldensibus, Π, 854.
749. 800. 851. 895. 898. 945. - 9Π, 142. 168. 1941101106, vid. 9410106
172. 226. 312. 4.1911631011,103111, VII, 812.
, Theophilo, H, 564. - III, 50. 1941531331, 3. 9316511331, 11310, Ι, 1016. - Π, 656.
9501140, Abbati (10113311 Ηο13131631313, 9, 891. 1911153311, 9110, l, 781.
Τ5111130 (3. During), Bnlthnsnro, Ι, 813. 861. 909. 19434310, 461110, 911, 503.
948. 989. 995. - 1935310, 104111, VIII, 322. - Χ, 166.
1111110, 103111, 11313303091311314113131, 1, 209. 4 19364, Ioanni, 0011111, ΠΙ, 653.
Tiemenno, vid. Ameterdnmio. 190133113, Valentino, VII, 876.
Tielemenno, M.. VII, 911. 19011141510, Ioanni, III, 716. 783. 842. 871.Ι 925.
’1113114110 Poenino, IX, 181. 1070. 1084. 1085. 1091. 1107. - 19, 98. 347.
Ι 1013411, 831111151113 oppidi, Π, 706. - 9, 389. - 676. 9, 677 917. - VI, 620.- VII, 565.
9Π, 460. 463.- 91Π, 601. 663. 691- 91Π, 153. 450.
1131131131, Ioanni, IX, 1028. weissenburg, Senatui 51113 oppidi, VIII, 330.
Tridentinae synodo, 911, 910. 19311101, Herm, 1x, 437
’1100360160 (1101316311), Valentino (31.11161316),9Π191011010, Η1310113110,111, 605. 607. 772. 783. - 19,
188. 864- 91, 211. 217. 263. 304. 828. 892. -911,
I'roll, Herlnff, IX, 193. 745. 613. 689. 713. - VIII, 133. 161. 219. 427. 508.
· ’1151133131 Academiae, ΠΙ, 167. 421. 540. 1073. 525. 682. 727.
Tullohio, Hermanno, 1, 519. 1 193133313, vid. 53135313.
1111113310. 1111301), 011011 (1111131110, 91, 662. 11931631, Simoni, ΠΙ, 603.
’ 4 9131631134111, 9, 194.
ι . 19311310, (1301310, ΠΙ, 233. 487.
Uliam, 03114160, I, 627. 193115010, VIII, 111. 924.
ab Ungned, Devidi, IX, 162. 9133335130, 4161333,91Π, 110.
111113 (Unruh), Ioanni, IV, 828. 1903453131 Senatui, IV, 1062. - V, 364. -· vm.
Ursino, Β411543410, VIII, 454. 908. - IX, 161.
nb Uttenhofen, carolo, V, 489. - VI, 896. 1916311031, 10143, VIII, 473.
91134160, Apollini, VI, 578.
19134160, 140050, ΙΧ, 816.
94614110(33111.101 19411), 131351110, 9, 432. Wildio, Stephano, 19, 96.
4 93131060 (etiem Wellerod, 1941631106), 1131154311, 1911531110, Landgr.Haeeine, IX, 481.
888. - V, 356. — VII, 831. 19111111, Hermanno, IX, 217.
9310111011, rid. Feldkireh. 19111050, 106000, 9, 702.
931310 Senatui, III, 745. - 91, 761. Winehemio, vid. Oertel.
93133110, Petro Paulo, 11, 1018. - IV, 22. 9111310, 3. 1911310, 1131351011, ΙΧ, 613.

 

